0	2	1.33	0.27473	0.16211	0.8	0.01136	0.38	0.33	0.01	0.129688	0.00008	5.00
2	5	1.33	0.27473	0.16211	0.2	0.04545	0.38	0.33	0.01	0.097266	0.00008	5.00
5	10	1.33	0.27473	0.16211	0.0	0.28409	0.38	0.33	0.01	0.064844	0.00008	5.00
10	20	1.33	0.27473	0.16211	0.0	0.34091	0.38	0.33	0.01	0.016211	0.00008	5.00
20	30	1.33	0.27473	0.16211	0.0	0.11364	0.38	0.33	0.01	0.000000	0.00008	5.00
30	45	1.27	0.33437	0.21128	0.0	0.05682	0.28	0.42	0.01	0.000000	0.00006	5.00
45	60	1.27	0.33437	0.21128	0.0	0.04545	0.28	0.42	0.01	0.000000	0.00006	5.00
60	75	1.27	0.33437	0.21128	0.0	0.03409	0.28	0.42	0.01	0.000000	0.00006	5.00
75	90	1.27	0.33437	0.21128	0.0	0.02273	0.28	0.42	0.01	0.000000	0.00006	5.00
90	105	1.27	0.33437	0.21128	0.0	0.01136	0.28	0.42	0.01	0.000000	0.00006	5.00
105	120	1.27	0.33437	0.21128	0.0	0.01136	0.28	0.42	0.01	0.000000	0.00006	5.00
120	150	1.27	0.33437	0.21128	0.0	0.01136	0.28	0.42	0.01	0.000000	0.00006	5.00
150	180	1.27	0.33437	0.21128	0.0	0.01136	0.28	0.42	0.01	0.000000	0.00006	5.00
