0	2	1.39	0.24698	0.12508	0.8	0.01136	0.40	0.23	0.02	0.100064	0.00018	5.60
2	5	1.39	0.24698	0.12508	0.2	0.04545	0.40	0.23	0.02	0.075048	0.00018	5.60
5	10	1.39	0.24698	0.12508	0.0	0.28409	0.40	0.23	0.02	0.050032	0.00018	5.60
10	20	1.39	0.24698	0.12508	0.0	0.34091	0.40	0.23	0.02	0.012508	0.00018	5.60
20	30	1.32	0.29248	0.16972	0.0	0.11364	0.34	0.34	0.00	0.000000	0.00008	5.60
30	45	1.32	0.29248	0.16972	0.0	0.05682	0.34	0.34	0.00	0.000000	0.00008	5.60
45	60	1.25	0.37327	0.24504	0.0	0.04545	0.23	0.48	0.00	0.000000	0.00005	5.60
60	75	1.25	0.37327	0.24504	0.0	0.03409	0.23	0.48	0.00	0.000000	0.00005	5.60
75	90	1.25	0.37327	0.24504	0.0	0.02273	0.23	0.48	0.00	0.000000	0.00005	5.60
90	105	1.25	0.37327	0.24504	0.0	0.01136	0.23	0.48	0.00	0.000000	0.00005	5.60
105	120	1.25	0.37327	0.24504	0.0	0.01136	0.23	0.48	0.00	0.000000	0.00005	5.60
120	150	1.25	0.37327	0.24504	0.0	0.01136	0.23	0.48	0.00	0.000000	0.00005	5.60
150	180	1.25	0.37327	0.24504	0.0	0.01136	0.23	0.48	0.00	0.000000	0.00005	5.60
