0	2	1.24	0.38685	0.22081	0.8	0.01149	0.08	0.40	0.02	0.176648	0.00010	7.30
2	5	1.24	0.38685	0.22081	0.2	0.04598	0.08	0.40	0.02	0.132486	0.00010	7.30
5	10	1.24	0.38685	0.22081	0.0	0.28736	0.08	0.40	0.02	0.088324	0.00010	7.30
10	20	1.24	0.38685	0.22081	0.0	0.34483	0.08	0.40	0.02	0.022081	0.00010	7.30
20	30	1.21	0.41608	0.26151	0.0	0.11494	0.06	0.48	0.01	0.000000	0.00008	7.30
30	45	1.21	0.41608	0.26151	0.0	0.05747	0.06	0.48	0.01	0.000000	0.00008	7.30
45	60	1.21	0.41608	0.26151	0.0	0.04598	0.06	0.48	0.01	0.000000	0.00008	7.30
60	75	1.21	0.41608	0.26151	0.0	0.03448	0.06	0.48	0.01	0.000000	0.00008	7.30
75	90	1.21	0.41608	0.26151	0.0	0.02299	0.06	0.48	0.01	0.000000	0.00008	7.30
90	105	1.21	0.41608	0.26151	0.0	0.01149	0.06	0.48	0.01	0.000000	0.00008	7.30
105	120	1.21	0.41608	0.26151	0.0	0.01149	0.06	0.48	0.01	0.000000	0.00008	7.30
120	150	1.21	0.41608	0.26151	0.0	0.01149	0.06	0.48	0.01	0.000000	0.00008	7.30
