0	2	1.25	0.37436	0.20528	0.8	0.01149	0.08	0.38	0.02	0.164224	0.00011	7.30
2	5	1.25	0.37436	0.20528	0.2	0.04598	0.08	0.38	0.02	0.123168	0.00011	7.30
5	10	1.25	0.37436	0.20528	0.0	0.28736	0.08	0.38	0.02	0.082112	0.00011	7.30
10	20	1.21	0.41608	0.26151	0.0	0.34483	0.06	0.48	0.01	0.026151	0.00008	7.30
20	30	1.21	0.41608	0.26151	0.0	0.11494	0.06	0.48	0.01	0.000000	0.00008	7.30
30	45	1.21	0.41608	0.26151	0.0	0.05747	0.06	0.48	0.01	0.000000	0.00008	7.30
45	60	1.21	0.41608	0.26151	0.0	0.04598	0.06	0.48	0.01	0.000000	0.00008	7.30
60	75	1.21	0.41608	0.26151	0.0	0.03448	0.06	0.48	0.01	0.000000	0.00008	7.30
75	90	1.21	0.41608	0.26151	0.0	0.02299	0.06	0.48	0.01	0.000000	0.00008	7.30
90	105	1.21	0.41608	0.26151	0.0	0.01149	0.06	0.48	0.01	0.000000	0.00008	7.30
105	120	1.21	0.41608	0.26151	0.0	0.01149	0.06	0.48	0.01	0.000000	0.00008	7.30
120	150	1.21	0.41608	0.26151	0.0	0.01149	0.06	0.48	0.01	0.000000	0.00008	7.30
