0	2	1.37	0.25053	0.10998	0.8	0.01136	0.26	0.21	0.02	0.087984	0.00026	5.00
2	5	1.37	0.25053	0.10998	0.2	0.04545	0.26	0.21	0.02	0.065988	0.00026	5.00
5	10	1.37	0.25053	0.10998	0.0	0.28409	0.26	0.21	0.02	0.043992	0.00026	5.00
10	20	1.37	0.25053	0.10998	0.0	0.34091	0.26	0.21	0.02	0.010998	0.00026	5.00
20	30	1.31	0.28513	0.14028	0.0	0.11364	0.19	0.29	0.00	0.000000	0.00015	5.00
30	45	1.31	0.28513	0.14028	0.0	0.05682	0.19	0.29	0.00	0.000000	0.00015	5.00
45	60	1.31	0.28513	0.14028	0.0	0.04545	0.19	0.29	0.00	0.000000	0.00015	5.00
60	75	1.31	0.28513	0.14028	0.0	0.03409	0.19	0.29	0.00	0.000000	0.00015	5.00
75	90	1.30	0.30040	0.16903	0.0	0.02273	0.25	0.35	0.00	0.000000	0.00009	5.00
90	105	1.30	0.30040	0.16903	0.0	0.01136	0.25	0.35	0.00	0.000000	0.00009	5.00
105	120	1.30	0.30040	0.16903	0.0	0.01136	0.25	0.35	0.00	0.000000	0.00009	5.00
120	150	1.30	0.30040	0.16903	0.0	0.01136	0.25	0.35	0.00	0.000000	0.00009	5.00
150	180	1.30	0.30040	0.16903	0.0	0.01136	0.25	0.35	0.00	0.000000	0.00009	5.00
