0	2	1.45	0.21176	0.10928	0.8	0.01136	0.55	0.18	0.02	0.087424	0.00026	5.00
2	5	1.45	0.21176	0.10928	0.2	0.04545	0.55	0.18	0.02	0.065568	0.00026	5.00
5	10	1.45	0.21176	0.10928	0.0	0.28409	0.55	0.18	0.02	0.043712	0.00026	5.00
10	20	1.45	0.21176	0.10928	0.0	0.34091	0.55	0.18	0.02	0.010928	0.00026	5.00
20	30	1.36	0.25069	0.13065	0.0	0.11364	0.35	0.26	0.00	0.000000	0.00014	5.00
30	45	1.36	0.25069	0.13065	0.0	0.05682	0.35	0.26	0.00	0.000000	0.00014	5.00
45	60	1.36	0.25069	0.13065	0.0	0.04545	0.35	0.26	0.00	0.000000	0.00014	5.00
60	75	1.36	0.25069	0.13065	0.0	0.03409	0.35	0.26	0.00	0.000000	0.00014	5.00
75	90	1.36	0.25069	0.13065	0.0	0.02273	0.35	0.26	0.00	0.000000	0.00014	5.00
90	105	1.33	0.27195	0.15596	0.0	0.01136	0.35	0.32	0.00	0.000000	0.00009	5.00
105	120	1.33	0.27195	0.15596	0.0	0.01136	0.35	0.32	0.00	0.000000	0.00009	5.00
120	150	1.33	0.27195	0.15596	0.0	0.01136	0.35	0.32	0.00	0.000000	0.00009	5.00
150	180	1.33	0.27195	0.15596	0.0	0.01136	0.35	0.32	0.00	0.000000	0.00009	5.00
