0	2	1.17	0.50556	0.35920	0.8	0.01136	0.02	0.60	0.02	0.28736	0.00008	5.30
2	5	1.17	0.50556	0.35920	0.2	0.04545	0.02	0.60	0.02	0.21552	0.00008	5.30
5	10	1.17	0.50556	0.35920	0.0	0.28409	0.02	0.60	0.02	0.14368	0.00008	5.30
10	20	1.17	0.50556	0.35920	0.0	0.34091	0.02	0.60	0.02	0.03592	0.00008	5.30
20	30	1.15	0.55279	0.42138	0.0	0.11364	0.02	0.70	0.01	0.000000	0.00011	6.20
30	45	1.15	0.55279	0.42138	0.0	0.05682	0.02	0.70	0.01	0.000000	0.00011	6.20
45	60	1.15	0.55279	0.42138	0.0	0.04545	0.02	0.70	0.01	0.000000	0.00011	6.20
60	75	1.15	0.55279	0.42138	0.0	0.03409	0.02	0.70	0.01	0.000000	0.00011	6.20
75	90	1.15	0.51409	0.39189	0.0	0.02273	0.02	0.70	0.00	0.000000	0.00011	7.30
90	105	1.15	0.51409	0.39189	0.0	0.01136	0.02	0.70	0.00	0.000000	0.00011	7.30
105	120	1.15	0.51409	0.39189	0.0	0.01136	0.02	0.70	0.00	0.000000	0.00011	7.30
120	150	1.15	0.51409	0.39189	0.0	0.01136	0.02	0.70	0.00	0.000000	0.00011	7.30
150	180	1.15	0.51409	0.39189	0.0	0.01136	0.02	0.70	0.00	0.000000	0.00011	7.30
