0	2	1.50	0.23921	0.09688	0.8	0.01136	0.44	0.12	0.01	0.077504	0.00062	5.30
2	5	1.50	0.23921	0.09688	0.2	0.04545	0.44	0.12	0.01	0.058128	0.00062	5.30
5	10	1.50	0.23921	0.09688	0.0	0.28409	0.44	0.12	0.01	0.038752	0.00062	5.30
10	20	1.50	0.23921	0.09688	0.0	0.34091	0.44	0.12	0.01	0.009688	0.00062	5.30
20	30	1.40	0.25908	0.15380	0.0	0.11364	0.54	0.26	0.00	0.000000	0.00011	5.30
30	45	1.40	0.25908	0.15380	0.0	0.05682	0.54	0.26	0.00	0.000000	0.00011	5.30
45	60	1.40	0.25908	0.15380	0.0	0.04545	0.54	0.26	0.00	0.000000	0.00011	5.30
60	75	1.40	0.25908	0.15380	0.0	0.03409	0.54	0.26	0.00	0.000000	0.00011	5.30
75	90	1.40	0.25908	0.15380	0.0	0.02273	0.54	0.26	0.00	0.000000	0.00011	5.30
90	105	1.39	0.27248	0.13045	0.0	0.01136	0.37	0.22	0.00	0.000000	0.00022	5.90
105	120	1.39	0.27248	0.13045	0.0	0.01136	0.37	0.22	0.00	0.000000	0.00022	5.90
120	150	1.39	0.27248	0.13045	0.0	0.01136	0.37	0.22	0.00	0.000000	0.00022	5.90
150	180	1.39	0.27248	0.13045	0.0	0.01136	0.37	0.22	0.00	0.000000	0.00022	5.90
