0	2	1.20	0.45326	0.29255	0.8	0.01136	0.02	0.50	0.02	0.23404	0.00008	5.30
2	5	1.20	0.45326	0.29255	0.2	0.04545	0.02	0.50	0.02	0.17553	0.00008	5.30
5	10	1.20	0.45326	0.29255	0.0	0.28409	0.02	0.50	0.02	0.11702	0.00008	5.30
10	20	1.24	0.42534	0.28537	0.0	0.34091	0.22	0.50	0.01	0.028537	0.00005	5.30
20	30	1.24	0.42534	0.28537	0.0	0.11364	0.22	0.50	0.01	0.000000	0.00005	5.30
30	45	1.24	0.42534	0.28537	0.0	0.05682	0.22	0.50	0.01	0.000000	0.00005	5.30
45	60	1.24	0.42534	0.28537	0.0	0.04545	0.22	0.50	0.01	0.000000	0.00005	5.30
60	75	1.34	0.30713	0.13997	0.0	0.03409	0.21	0.24	0.00	0.000000	0.00021	6.20
75	90	1.34	0.30713	0.13997	0.0	0.02273	0.21	0.24	0.00	0.000000	0.00021	6.20
90	105	1.34	0.30713	0.13997	0.0	0.01136	0.21	0.24	0.00	0.000000	0.00021	6.20
105	120	1.34	0.30713	0.13997	0.0	0.01136	0.21	0.24	0.00	0.000000	0.00021	6.20
120	150	1.34	0.30713	0.13997	0.0	0.01136	0.21	0.24	0.00	0.000000	0.00021	6.20
150	180	1.34	0.30713	0.13997	0.0	0.01136	0.21	0.24	0.00	0.000000	0.00021	6.20
