0	2	1.25	0.38749	0.21578	0.8	0.01136	0.07	0.38	0.03	0.172624	0.00011	6.20
2	5	1.25	0.38749	0.21578	0.2	0.04545	0.07	0.38	0.03	0.129468	0.00011	6.20
5	10	1.25	0.38749	0.21578	0.0	0.28409	0.07	0.38	0.03	0.086312	0.00011	6.20
10	20	1.25	0.38749	0.21578	0.0	0.34091	0.07	0.38	0.03	0.021578	0.00011	6.20
20	30	1.25	0.37138	0.20712	0.0	0.11364	0.08	0.38	0.01	0.000000	0.00010	7.00
30	45	1.25	0.37138	0.20712	0.0	0.05682	0.08	0.38	0.01	0.000000	0.00010	7.00
45	60	1.25	0.37138	0.20712	0.0	0.04545	0.08	0.38	0.01	0.000000	0.00010	7.00
60	75	1.25	0.37138	0.20712	0.0	0.03409	0.08	0.38	0.01	0.000000	0.00010	7.00
75	90	1.25	0.37138	0.20712	0.0	0.02273	0.08	0.38	0.01	0.000000	0.00010	7.00
90	105	1.25	0.37138	0.20712	0.0	0.01136	0.08	0.38	0.01	0.000000	0.00010	7.00
105	120	1.25	0.37138	0.20712	0.0	0.01136	0.08	0.38	0.01	0.000000	0.00010	7.00
120	150	1.25	0.37138	0.20712	0.0	0.01136	0.08	0.38	0.01	0.000000	0.00010	7.00
150	180	1.25	0.37138	0.20712	0.0	0.01136	0.08	0.38	0.01	0.000000	0.00010	7.00
