0	2	1.39	0.28046	0.11742	0.8	0.01124	0.27	0.18	0.02	0.093936	0.00033	6.50
2	5	1.39	0.28046	0.11742	0.2	0.04494	0.27	0.18	0.02	0.070452	0.00033	6.50
5	10	1.39	0.28046	0.11742	0.0	0.28090	0.27	0.18	0.02	0.046968	0.00033	6.50
10	20	1.39	0.28046	0.11742	0.0	0.33708	0.27	0.18	0.02	0.011742	0.00033	6.50
20	30	1.39	0.28046	0.11742	0.0	0.11236	0.27	0.18	0.02	0.000000	0.00033	6.50
30	45	1.39	0.28046	0.11742	0.0	0.05618	0.27	0.18	0.02	0.000000	0.00033	6.50
45	60	1.23	0.40893	0.24164	0.0	0.04494	0.08	0.42	0.01	0.000000	0.00009	6.50
60	75	1.23	0.40893	0.24164	0.0	0.03371	0.08	0.42	0.01	0.000000	0.00009	6.50
75	90	1.23	0.40893	0.24164	0.0	0.02247	0.08	0.42	0.01	0.000000	0.00009	6.50
90	105	1.23	0.40893	0.24164	0.0	0.01124	0.08	0.42	0.01	0.000000	0.00009	6.50
105	120	1.27	0.37711	0.21816	0.0	0.01124	0.18	0.39	0.00	0.000000	0.00008	6.50
120	150	1.27	0.37711	0.21816	0.0	0.01124	0.18	0.39	0.00	0.000000	0.00008	6.50
150	180	1.27	0.37711	0.21816	0.0	0.01124	0.18	0.39	0.00	0.000000	0.00008	6.50
180	210	1.27	0.37711	0.21816	0.0	0.01124	0.18	0.39	0.00	0.000000	0.00008	6.50
