0	2	1.57	0.19852	0.08583	0.8	0.01136	0.62	0.09	0.02	0.068664	0.00085	7.00
2	5	1.57	0.19852	0.08583	0.2	0.04545	0.62	0.09	0.02	0.051498	0.00085	7.00
5	10	1.57	0.19852	0.08583	0.0	0.28409	0.62	0.09	0.02	0.034332	0.00085	7.00
10	20	1.57	0.19852	0.08583	0.0	0.34091	0.62	0.09	0.02	0.008583	0.00085	7.00
20	30	1.49	0.28545	0.09512	0.0	0.11364	0.22	0.09	0.01	0.000000	0.00092	7.00
30	45	1.49	0.28545	0.09512	0.0	0.05682	0.22	0.09	0.01	0.000000	0.00092	7.00
45	60	1.49	0.28545	0.09512	0.0	0.04545	0.22	0.09	0.01	0.000000	0.00092	7.00
60	75	1.49	0.28545	0.09512	0.0	0.03409	0.22	0.09	0.01	0.000000	0.00092	7.00
75	90	1.49	0.28545	0.09512	0.0	0.02273	0.22	0.09	0.01	0.000000	0.00092	7.00
90	105	1.49	0.28545	0.09512	0.0	0.01136	0.22	0.09	0.01	0.000000	0.00092	7.00
105	120	1.49	0.28545	0.09512	0.0	0.01136	0.22	0.09	0.01	0.000000	0.00092	7.00
120	150	1.49	0.28545	0.09512	0.0	0.01136	0.22	0.09	0.01	0.000000	0.00092	7.00
150	180	1.49	0.28545	0.09512	0.0	0.01136	0.22	0.09	0.01	0.000000	0.00092	7.00
