0	2	1.41	0.18638	0.08889	0.8	0.01124	0.40	0.20	0.00	0.071112	0.00024	7.90
2	5	1.41	0.18638	0.08889	0.2	0.04494	0.40	0.20	0.00	0.053334	0.00024	7.90
5	10	1.41	0.18638	0.08889	0.0	0.28090	0.40	0.20	0.00	0.035556	0.00024	7.90
10	20	1.41	0.18638	0.08889	0.0	0.33708	0.40	0.20	0.00	0.008889	0.00024	7.90
20	30	1.41	0.18638	0.08889	0.0	0.11236	0.40	0.20	0.00	0.000000	0.00024	7.90
30	45	1.41	0.18638	0.08889	0.0	0.05618	0.40	0.20	0.00	0.000000	0.00024	7.90
45	60	1.41	0.18638	0.08889	0.0	0.04494	0.40	0.20	0.00	0.000000	0.00024	7.90
60	75	1.41	0.18638	0.08889	0.0	0.03371	0.40	0.20	0.00	0.000000	0.00024	7.90
75	90	1.41	0.18638	0.08889	0.0	0.02247	0.40	0.20	0.00	0.000000	0.00024	7.90
90	105	1.41	0.18638	0.08889	0.0	0.01124	0.40	0.20	0.00	0.000000	0.00024	7.90
105	120	1.41	0.18638	0.08889	0.0	0.01124	0.40	0.20	0.00	0.000000	0.00024	7.90
120	150	1.41	0.18638	0.08889	0.0	0.01124	0.40	0.20	0.00	0.000000	0.00024	7.90
150	180	1.41	0.18638	0.08889	0.0	0.01124	0.40	0.20	0.00	0.000000	0.00024	7.90
180	210	1.41	0.18638	0.08889	0.0	0.01124	0.40	0.20	0.00	0.000000	0.00024	7.90
