0	2	1.63	0.15324	0.07600	0.8	0.01124	0.87	0.08	0.15	0.0608	0.00116	6.20
2	5	1.63	0.15324	0.07600	0.2	0.04494	0.87	0.08	0.15	0.0456	0.00116	6.20
5	10	1.63	0.15324	0.07600	0.0	0.28090	0.87	0.08	0.15	0.0304	0.00116	6.20
10	20	1.63	0.15324	0.07600	0.0	0.33708	0.87	0.08	0.15	0.0076	0.00116	6.20
20	30	1.43	0.23424	0.15284	0.0	0.11236	0.71	0.25	0.00	0.000000	0.00010	7.00
30	45	1.43	0.23424	0.15284	0.0	0.05618	0.71	0.25	0.00	0.000000	0.00010	7.00
45	60	1.43	0.23424	0.15284	0.0	0.04494	0.71	0.25	0.00	0.000000	0.00010	7.00
60	75	1.43	0.23424	0.15284	0.0	0.03371	0.71	0.25	0.00	0.000000	0.00010	7.00
75	90	1.43	0.23424	0.15284	0.0	0.02247	0.71	0.25	0.00	0.000000	0.00010	7.00
90	105	1.43	0.23424	0.15284	0.0	0.01124	0.71	0.25	0.00	0.000000	0.00010	7.00
105	120	1.43	0.23424	0.15284	0.0	0.01124	0.71	0.25	0.00	0.000000	0.00010	7.00
120	150	1.79	0.10993	0.04360	0.0	0.01124	0.95	0.03	0.00	0.000000	0.00364	6.70
150	180	1.79	0.10993	0.04360	0.0	0.01124	0.95	0.03	0.00	0.000000	0.00364	6.70
180	210	1.79	0.10993	0.04360	0.0	0.01124	0.95	0.03	0.00	0.000000	0.00364	6.70
