0	2	1.85	0.10007	0.03665	0.8	0.01136	0.96	0.02	0.01	0.02932	0.00461	6.50
2	5	1.85	0.10007	0.03665	0.2	0.04545	0.96	0.02	0.01	0.02199	0.00461	6.50
5	10	1.85	0.10007	0.03665	0.0	0.28409	0.96	0.02	0.01	0.01466	0.00461	6.50
10	20	1.85	0.10007	0.03665	0.0	0.34091	0.96	0.02	0.00	0.003665	0.00461	6.50
20	30	1.85	0.10007	0.03665	0.0	0.11364	0.96	0.02	0.00	0.000000	0.00461	6.50
30	45	1.85	0.10007	0.03665	0.0	0.05682	0.96	0.02	0.00	0.000000	0.00461	6.50
45	60	1.85	0.10007	0.03665	0.0	0.04545	0.96	0.02	0.00	0.000000	0.00461	6.50
60	75	1.85	0.10007	0.03665	0.0	0.03409	0.96	0.02	0.00	0.000000	0.00461	6.50
75	90	1.46	0.21980	0.14063	0.0	0.02273	0.75	0.22	0.00	0.000000	0.00014	7.20
90	105	1.46	0.21980	0.14063	0.0	0.01136	0.75	0.22	0.00	0.000000	0.00014	7.20
105	120	1.46	0.21980	0.14063	0.0	0.01136	0.75	0.22	0.00	0.000000	0.00014	7.20
120	150	1.46	0.21980	0.14063	0.0	0.01136	0.75	0.22	0.00	0.000000	0.00014	7.20
150	180	1.79	0.10075	0.03983	0.0	0.01136	0.95	0.03	0.00	0.000000	0.00368	8.20
