0	2	1.33	0.30916	0.12021	0.8	0.01149	0.02	0.20	0.04	0.096168	0.00043	8.20
2	5	1.33	0.30916	0.12021	0.2	0.04598	0.02	0.20	0.04	0.072126	0.00043	8.20
5	10	1.33	0.30916	0.12021	0.0	0.28736	0.02	0.20	0.04	0.048084	0.00043	8.20
10	20	1.33	0.30916	0.12021	0.0	0.34483	0.02	0.20	0.04	0.012021	0.00043	8.20
20	30	1.33	0.30916	0.12021	0.0	0.11494	0.02	0.20	0.04	0.000000	0.00043	8.20
30	45	1.38	0.30090	0.10576	0.0	0.05747	0.02	0.15	0.02	0.000000	0.00067	8.20
45	60	1.38	0.30090	0.10576	0.0	0.04598	0.02	0.15	0.02	0.000000	0.00067	8.20
60	75	1.38	0.30090	0.10576	0.0	0.03448	0.02	0.15	0.02	0.000000	0.00067	8.20
75	90	1.38	0.30090	0.10576	0.0	0.02299	0.02	0.15	0.02	0.000000	0.00067	8.20
90	105	1.38	0.30090	0.10576	0.0	0.01149	0.02	0.15	0.02	0.000000	0.00067	8.20
105	120	1.38	0.30090	0.10576	0.0	0.01149	0.02	0.15	0.02	0.000000	0.00067	8.20
120	150	1.38	0.30090	0.10576	0.0	0.01149	0.02	0.15	0.02	0.000000	0.00067	8.20
