0	2	1.49	0.20622	0.11830	0.8	0.01124	0.72	0.17	0.06	0.09464	0.00028	6.20
2	5	1.49	0.20622	0.11830	0.2	0.04494	0.72	0.17	0.06	0.07098	0.00028	6.20
5	10	1.49	0.20622	0.11830	0.0	0.28090	0.72	0.17	0.06	0.04732	0.00028	6.20
10	20	1.49	0.20622	0.11830	0.0	0.33708	0.72	0.17	0.06	0.01183	0.00028	6.20
20	30	1.49	0.20622	0.11830	0.0	0.11236	0.72	0.17	0.00	0.000000	0.00028	6.20
30	45	1.43	0.23785	0.14735	0.0	0.05618	0.65	0.24	0.00	0.000000	0.00012	7.00
45	60	1.43	0.23785	0.14735	0.0	0.04494	0.65	0.24	0.00	0.000000	0.00012	7.00
60	75	1.43	0.23785	0.14735	0.0	0.03371	0.65	0.24	0.00	0.000000	0.00012	7.00
75	90	1.43	0.23785	0.14735	0.0	0.02247	0.65	0.24	0.00	0.000000	0.00012	7.00
90	105	1.43	0.23785	0.14735	0.0	0.01124	0.65	0.24	0.00	0.000000	0.00012	7.00
105	120	1.43	0.23785	0.14735	0.0	0.01124	0.65	0.24	0.00	0.000000	0.00012	7.00
120	150	1.43	0.23785	0.14735	0.0	0.01124	0.65	0.24	0.00	0.000000	0.00012	7.00
150	180	1.43	0.23785	0.14735	0.0	0.01124	0.65	0.24	0.00	0.000000	0.00012	7.00
180	210	1.49	0.20388	0.12335	0.0	0.01124	0.77	0.18	0.00	0.000000	0.00024	6.70
