0	2	1.30	0.31414	0.15630	0.8	0.01136	0.17	0.30	0.06	0.12504	0.00014	7.00
2	5	1.30	0.31414	0.15630	0.2	0.04545	0.17	0.30	0.06	0.09378	0.00014	7.00
5	10	1.30	0.31414	0.15630	0.0	0.28409	0.17	0.30	0.06	0.06252	0.00014	7.00
10	20	1.30	0.31414	0.15630	0.0	0.34091	0.17	0.30	0.06	0.01563	0.00014	7.00
20	30	1.30	0.31414	0.15630	0.0	0.11364	0.17	0.30	0.04	0.000000	0.00014	7.00
30	45	1.30	0.31414	0.15630	0.0	0.05682	0.17	0.30	0.04	0.000000	0.00014	7.00
45	60	1.34	0.28954	0.15837	0.0	0.04545	0.34	0.30	0.02	0.000000	0.00011	7.70
60	75	1.34	0.28954	0.15837	0.0	0.03409	0.34	0.30	0.02	0.000000	0.00011	7.70
75	90	1.44	0.22700	0.10423	0.0	0.02273	0.43	0.17	0.00	0.000000	0.00033	7.90
90	105	1.44	0.22700	0.10423	0.0	0.01136	0.43	0.17	0.00	0.000000	0.00033	7.90
105	120	1.44	0.22700	0.10423	0.0	0.01136	0.43	0.17	0.00	0.000000	0.00033	7.90
120	150	1.44	0.22700	0.10423	0.0	0.01136	0.43	0.17	0.00	0.000000	0.00033	7.90
150	180	1.44	0.22700	0.10423	0.0	0.01136	0.43	0.17	0.00	0.000000	0.00033	7.90
