0	2	1.40	0.24689	0.12174	0.8	0.01136	0.42	0.21	0.04	0.097392	0.00021	6.50
2	5	1.40	0.24689	0.12174	0.2	0.04545	0.42	0.21	0.04	0.073044	0.00021	6.50
5	10	1.40	0.24689	0.12174	0.0	0.28409	0.42	0.21	0.04	0.048696	0.00021	6.50
10	20	1.40	0.24689	0.12174	0.0	0.34091	0.42	0.21	0.04	0.012174	0.00021	6.50
20	30	1.40	0.24689	0.12174	0.0	0.11364	0.42	0.21	0.02	0.000000	0.00021	6.50
30	45	1.40	0.24689	0.12174	0.0	0.05682	0.42	0.21	0.02	0.000000	0.00021	6.50
45	60	1.36	0.26021	0.13659	0.0	0.04545	0.37	0.26	0.01	0.000000	0.00014	6.70
60	75	1.36	0.26021	0.13659	0.0	0.03409	0.37	0.26	0.01	0.000000	0.00014	6.70
75	90	1.36	0.26021	0.13659	0.0	0.02273	0.37	0.26	0.01	0.000000	0.00014	6.70
90	105	1.44	0.22700	0.10423	0.0	0.01136	0.43	0.17	0.00	0.000000	0.00033	7.90
105	120	1.44	0.22700	0.10423	0.0	0.01136	0.43	0.17	0.00	0.000000	0.00033	7.90
120	150	1.44	0.22700	0.10423	0.0	0.01136	0.43	0.17	0.00	0.000000	0.00033	7.90
150	180	1.44	0.22700	0.10423	0.0	0.01136	0.43	0.17	0.00	0.000000	0.00033	7.90
