0	2	1.25	0.38749	0.21578	0.8	0.01136	0.07	0.38	0.10	0.172624	0.00011	7.20
2	5	1.25	0.38749	0.21578	0.2	0.04545	0.07	0.38	0.10	0.129468	0.00011	7.20
5	10	1.25	0.38749	0.21578	0.0	0.28409	0.07	0.38	0.10	0.086312	0.00011	7.20
10	20	1.25	0.38749	0.21578	0.0	0.34091	0.07	0.38	0.10	0.021578	0.00011	7.20
20	30	1.25	0.38749	0.21578	0.0	0.11364	0.07	0.38	0.05	0.000000	0.00011	7.20
30	45	1.25	0.38749	0.21578	0.0	0.05682	0.07	0.38	0.05	0.000000	0.00011	7.20
45	60	1.25	0.38749	0.21578	0.0	0.04545	0.07	0.38	0.05	0.000000	0.00011	7.20
60	75	1.25	0.38749	0.21578	0.0	0.03409	0.07	0.38	0.05	0.000000	0.00011	7.20
75	90	1.25	0.38677	0.21574	0.0	0.02273	0.08	0.38	0.01	0.000000	0.00010	7.20
90	105	1.25	0.38677	0.21574	0.0	0.01136	0.08	0.38	0.01	0.000000	0.00010	7.20
105	120	1.25	0.38677	0.21574	0.0	0.01136	0.08	0.38	0.01	0.000000	0.00010	7.20
120	150	1.25	0.38677	0.21574	0.0	0.01136	0.08	0.38	0.01	0.000000	0.00010	7.20
150	180	1.30	0.31029	0.15467	0.0	0.01136	0.18	0.30	0.00	0.000000	0.00014	7.90
