0	2	1.35	0.29640	0.13773	0.8	0.01124	0.24	0.24	0.05	0.110184	0.00019	6.20
2	5	1.35	0.29640	0.13773	0.2	0.04494	0.24	0.24	0.05	0.082638	0.00019	6.20
5	10	1.35	0.29640	0.13773	0.0	0.28090	0.24	0.24	0.05	0.055092	0.00019	6.20
10	20	1.35	0.29640	0.13773	0.0	0.33708	0.24	0.24	0.05	0.013773	0.00019	6.20
20	30	1.35	0.29640	0.13773	0.0	0.11236	0.24	0.24	0.05	0.000000	0.00019	6.20
30	45	1.35	0.29640	0.13773	0.0	0.05618	0.24	0.24	0.02	0.000000	0.00019	6.20
45	60	1.35	0.29640	0.13773	0.0	0.04494	0.24	0.24	0.02	0.000000	0.00019	6.20
60	75	1.24	0.39524	0.23037	0.0	0.03371	0.08	0.42	0.01	0.000000	0.00009	6.70
75	90	1.24	0.39524	0.23037	0.0	0.02247	0.08	0.42	0.01	0.000000	0.00009	6.70
90	105	1.24	0.39524	0.23037	0.0	0.01124	0.08	0.42	0.01	0.000000	0.00009	6.70
105	120	1.24	0.39524	0.23037	0.0	0.01124	0.08	0.42	0.01	0.000000	0.00009	6.70
120	150	1.24	0.39524	0.23037	0.0	0.01124	0.08	0.42	0.01	0.000000	0.00009	6.70
150	180	1.34	0.29053	0.15771	0.0	0.01124	0.34	0.30	0.00	0.000000	0.00011	7.30
180	210	1.34	0.29053	0.15771	0.0	0.01124	0.34	0.30	0.00	0.000000	0.00011	7.30
